-15.75000000 -47.95000000
14.91000000 -23.51000000
12.65000000 -8.00000000
9.03000000 38.74000000
34.03000000 -6.85000000
12.65000000 -8.00000000
12.65000000 -8.00000000
14.66000000 -17.41000000
52.50000000 -0.12000000
41.26000000 69.21000000
41.26000000 69.21000000
41.90000000 12.48000000
28.61000000 77.20000000
33.66000000 73.16000000
54.68000000 25.31000000
44.41000000 26.10000000
44.41000000 26.10000000
52.50000000 -0.12000000
44.41000000 26.10000000
44.41000000 26.10000000
44.41000000 26.10000000
44.41000000 26.10000000
44.41000000 26.10000000
44.41000000 26.10000000
44.41000000 26.10000000
44.41000000 26.10000000
36.70000000 3.21000000
36.70000000 3.21000000
9.03000000 38.74000000
39.91000000 32.83000000
39.91000000 32.83000000
39.91000000 32.83000000
39.91000000 32.83000000
39.91000000 32.83000000
19.75000000 96.10000000
19.75000000 96.10000000
19.75000000 96.10000000
13.75000000 100.48000000
13.75000000 100.48000000
13.75000000 100.48000000
13.75000000 100.48000000
13.75000000 100.48000000
39.91000000 116.38000000
39.91000000 116.38000000
39.91000000 116.38000000
23.76000000 121.00000000
23.76000000 121.00000000
23.76000000 121.00000000
23.76000000 121.00000000
-6.17000000 106.82000000
-6.17000000 106.82000000
-6.17000000 106.82000000
-6.17000000 106.82000000
17.98000000 -76.80000000
17.98000000 -76.80000000
17.98000000 -76.80000000
33.66000000 73.16000000
34.03000000 -6.85000000
34.03000000 -6.85000000
35.68000000 51.41000000
33.66000000 73.16000000
39.91000000 32.83000000
30.03000000 31.21000000
36.70000000 3.21000000
14.66000000 -17.41000000
14.66000000 -17.41000000
28.61000000 77.20000000
42.86000000 74.60000000
42.86000000 74.60000000
42.86000000 74.60000000
42.86000000 74.60000000
-1.26000000 36.80000000
-1.26000000 36.80000000
35.68000000 51.41000000
35.68000000 51.41000000
41.90000000 12.48000000
17.25000000 -88.76000000
41.90000000 12.48000000
28.61000000 77.20000000
28.61000000 77.20000000
12.65000000 -8.00000000
42.86000000 74.60000000
-1.26000000 36.80000000
41.90000000 12.48000000
38.00000000 23.71000000
38.00000000 23.71000000
38.00000000 23.71000000
38.00000000 23.71000000
38.00000000 23.71000000
-15.75000000 -47.95000000
-15.75000000 -47.95000000
-15.75000000 -47.95000000
14.91000000 -23.51000000
14.91000000 -23.51000000
41.26000000 69.21000000
41.26000000 69.21000000
41.26000000 69.21000000
-35.30000000 149.12000000
-35.30000000 149.12000000
-35.30000000 149.12000000
-35.30000000 149.12000000
-35.30000000 149.12000000
-35.30000000 149.12000000
35.70000000 139.71000000
35.70000000 139.71000000
35.70000000 139.71000000
35.70000000 139.71000000
35.70000000 139.71000000
35.70000000 139.71000000
35.70000000 139.71000000
35.70000000 139.71000000
35.70000000 139.71000000
35.70000000 139.71000000
35.70000000 139.71000000
17.25000000 -88.76000000
17.25000000 -88.76000000
-6.17000000 35.74000000
34.03000000 -6.85000000
52.50000000 -0.12000000
52.50000000 -0.12000000
41.71000000 44.78000000
41.71000000 44.78000000
41.71000000 44.78000000
41.71000000 44.78000000
41.71000000 44.78000000
41.71000000 44.78000000
-6.17000000 35.74000000
11.55000000 104.91000000
11.55000000 104.91000000
11.55000000 104.91000000
11.55000000 104.91000000
11.55000000 104.91000000
11.55000000 104.91000000
-15.75000000 -47.95000000
14.91000000 -23.51000000
28.61000000 77.20000000
41.90000000 12.48000000
12.65000000 -8.00000000
12.65000000 -8.00000000
12.65000000 -8.00000000
33.66000000 73.16000000
33.66000000 73.16000000
44.41000000 26.10000000
14.66000000 -17.41000000
39.91000000 116.38000000
36.70000000 3.21000000
9.03000000 38.74000000
30.03000000 31.21000000
28.61000000 77.20000000
28.61000000 77.20000000
41.33000000 19.80000000
41.33000000 19.80000000
30.03000000 31.21000000
19.75000000 96.10000000
54.68000000 25.31000000
54.68000000 25.31000000
-15.75000000 -47.95000000
-15.75000000 -47.95000000
-15.75000000 -47.95000000
30.03000000 31.21000000
35.68000000 51.41000000
14.66000000 -17.41000000
41.26000000 69.21000000
41.26000000 69.21000000
41.26000000 69.21000000
12.65000000 -8.00000000
54.68000000 25.31000000
52.50000000 -0.12000000
52.50000000 -0.12000000
36.70000000 3.21000000
36.70000000 3.21000000
36.70000000 3.21000000
9.03000000 38.74000000
9.03000000 38.74000000
9.03000000 38.74000000
52.50000000 -0.12000000
39.91000000 32.83000000
39.91000000 32.83000000
39.91000000 32.83000000
39.91000000 32.83000000
39.91000000 32.83000000
19.75000000 96.10000000
19.75000000 96.10000000
19.75000000 96.10000000
13.75000000 100.48000000
13.75000000 100.48000000
13.75000000 100.48000000
13.75000000 100.48000000
13.75000000 100.48000000
13.75000000 100.48000000
39.91000000 116.38000000
39.91000000 116.38000000
39.91000000 116.38000000
39.91000000 116.38000000
23.76000000 121.00000000
23.76000000 121.00000000
23.76000000 121.00000000
23.76000000 121.00000000
23.76000000 121.00000000
-6.17000000 106.82000000
-6.17000000 106.82000000
-6.17000000 106.82000000
-6.17000000 106.82000000
-6.17000000 106.82000000
17.98000000 -76.80000000
17.98000000 -76.80000000
17.98000000 -76.80000000
33.66000000 73.16000000
33.66000000 73.16000000
33.66000000 73.16000000
33.66000000 73.16000000
34.03000000 -6.85000000
34.03000000 -6.85000000
34.03000000 -6.85000000
14.66000000 -17.41000000
33.66000000 73.16000000
39.91000000 32.83000000
36.70000000 3.21000000
14.66000000 -17.41000000
28.61000000 77.20000000
28.61000000 77.20000000
28.61000000 77.20000000
28.61000000 77.20000000
28.61000000 77.20000000
28.61000000 77.20000000
12.65000000 -8.00000000
12.65000000 -8.00000000
12.65000000 -8.00000000
42.86000000 74.60000000
42.86000000 74.60000000
42.86000000 74.60000000
42.86000000 74.60000000
42.86000000 74.60000000
-1.26000000 36.80000000
-1.26000000 36.80000000
-1.26000000 36.80000000
35.68000000 51.41000000
35.68000000 51.41000000
35.68000000 51.41000000
41.90000000 12.48000000
41.90000000 12.48000000
41.33000000 19.80000000
41.33000000 19.80000000
41.90000000 12.48000000
41.90000000 12.48000000
41.33000000 19.80000000
41.90000000 12.48000000
33.66000000 73.16000000
28.61000000 77.20000000
28.61000000 77.20000000
12.65000000 -8.00000000
-1.26000000 36.80000000
41.90000000 12.48000000
38.00000000 23.71000000
38.00000000 23.71000000
38.00000000 23.71000000
38.00000000 23.71000000
38.00000000 23.71000000
38.00000000 23.71000000
-15.75000000 -47.95000000
-15.75000000 -47.95000000
14.91000000 -23.51000000
14.91000000 -23.51000000
14.91000000 -23.51000000
14.91000000 -23.51000000
14.91000000 -23.51000000
41.26000000 69.21000000
41.26000000 69.21000000
-6.17000000 35.74000000
-6.17000000 35.74000000
34.03000000 -6.85000000
52.50000000 -0.12000000
41.71000000 44.78000000
41.71000000 44.78000000
41.71000000 44.78000000
41.71000000 44.78000000
41.71000000 44.78000000
41.71000000 44.78000000
41.71000000 44.78000000
39.91000000 32.83000000
36.70000000 3.21000000
12.65000000 -8.00000000
12.65000000 -8.00000000
14.66000000 -17.41000000
30.03000000 31.21000000
30.03000000 31.21000000
30.03000000 31.21000000
19.75000000 96.10000000
19.75000000 96.10000000
54.68000000 25.31000000
54.68000000 25.31000000
54.68000000 25.31000000
39.91000000 32.83000000
-15.75000000 -47.95000000
41.26000000 69.21000000
41.26000000 69.21000000
41.26000000 69.21000000
14.66000000 -17.41000000
54.68000000 25.31000000
36.70000000 3.21000000
36.70000000 3.21000000
36.70000000 3.21000000
9.03000000 38.74000000
9.03000000 38.74000000
9.03000000 38.74000000
13.75000000 100.48000000
13.75000000 100.48000000
39.91000000 116.38000000
39.91000000 116.38000000
39.91000000 116.38000000
39.91000000 116.38000000
23.76000000 121.00000000
23.76000000 121.00000000
-6.17000000 106.82000000
-6.17000000 106.82000000
17.98000000 -76.80000000
17.98000000 -76.80000000
33.66000000 73.16000000
33.66000000 73.16000000
34.03000000 -6.85000000
34.03000000 -6.85000000
34.03000000 -6.85000000
52.50000000 -0.12000000
52.50000000 -0.12000000
52.50000000 -0.12000000
39.91000000 32.83000000
33.66000000 73.16000000
39.91000000 32.83000000
39.91000000 32.83000000
39.91000000 32.83000000
39.91000000 32.83000000
36.70000000 3.21000000
14.66000000 -17.41000000
28.61000000 77.20000000
28.61000000 77.20000000
28.61000000 77.20000000
28.61000000 77.20000000
28.61000000 77.20000000
28.61000000 77.20000000
12.65000000 -8.00000000
12.65000000 -8.00000000
12.65000000 -8.00000000
12.65000000 -8.00000000
12.65000000 -8.00000000
12.65000000 -8.00000000
42.86000000 74.60000000
42.86000000 74.60000000
-1.26000000 36.80000000
-1.26000000 36.80000000
-1.26000000 36.80000000
35.68000000 51.41000000
35.68000000 51.41000000
41.90000000 12.48000000
41.90000000 12.48000000
41.90000000 12.48000000
41.33000000 19.80000000
41.90000000 12.48000000
41.90000000 12.48000000
33.66000000 73.16000000
28.61000000 77.20000000
28.61000000 77.20000000
12.65000000 -8.00000000
-1.26000000 36.80000000
38.00000000 23.71000000
38.00000000 23.71000000
38.00000000 23.71000000
38.00000000 23.71000000
38.00000000 23.71000000
38.00000000 23.71000000
-15.75000000 -47.95000000
-15.75000000 -47.95000000
-15.75000000 -47.95000000
-15.75000000 -47.95000000
14.91000000 -23.51000000
14.91000000 -23.51000000
14.91000000 -23.51000000
14.91000000 -23.51000000
41.26000000 69.21000000
41.26000000 69.21000000
-35.30000000 149.12000000
35.70000000 139.71000000
17.25000000 -88.76000000
-6.17000000 35.74000000
-6.17000000 35.74000000
36.70000000 3.21000000
34.03000000 -6.85000000
52.50000000 -0.12000000
41.71000000 44.78000000
41.71000000 44.78000000
11.55000000 104.91000000
39.91000000 32.83000000
44.41000000 26.10000000
41.33000000 19.80000000
30.03000000 31.21000000
30.03000000 31.21000000
30.03000000 31.21000000
19.75000000 96.10000000
19.75000000 96.10000000
33.66000000 73.16000000
33.66000000 73.16000000
54.68000000 25.31000000
54.68000000 25.31000000
54.68000000 25.31000000
28.61000000 77.20000000
39.91000000 32.83000000
41.26000000 69.21000000
41.26000000 69.21000000
41.26000000 69.21000000
52.50000000 -0.12000000
52.50000000 -0.12000000
36.70000000 3.21000000
36.70000000 3.21000000
36.70000000 3.21000000
9.03000000 38.74000000
13.75000000 100.48000000
13.75000000 100.48000000
39.91000000 116.38000000
39.91000000 116.38000000
39.91000000 116.38000000
39.91000000 116.38000000
23.76000000 121.00000000
23.76000000 121.00000000
-6.17000000 106.82000000
-6.17000000 106.82000000
17.98000000 -76.80000000
17.98000000 -76.80000000
34.03000000 -6.85000000
34.03000000 -6.85000000
34.03000000 -6.85000000
52.50000000 -0.12000000
9.03000000 38.74000000
9.03000000 38.74000000
33.66000000 73.16000000
39.91000000 32.83000000
39.91000000 32.83000000
39.91000000 32.83000000
39.91000000 32.83000000
39.91000000 32.83000000
39.91000000 32.83000000
14.66000000 -17.41000000
14.66000000 -17.41000000
28.61000000 77.20000000
28.61000000 77.20000000
28.61000000 77.20000000
12.65000000 -8.00000000
12.65000000 -8.00000000
12.65000000 -8.00000000
12.65000000 -8.00000000
12.65000000 -8.00000000
12.65000000 -8.00000000
42.86000000 74.60000000
42.86000000 74.60000000
-1.26000000 36.80000000
-1.26000000 36.80000000
-1.26000000 36.80000000
35.68000000 51.41000000
35.68000000 51.41000000
28.61000000 77.20000000
28.61000000 77.20000000
28.61000000 77.20000000
41.90000000 12.48000000
41.90000000 12.48000000
41.33000000 19.80000000
41.33000000 19.80000000
41.90000000 12.48000000
41.90000000 12.48000000
41.90000000 12.48000000
33.66000000 73.16000000
-15.75000000 -47.95000000
28.61000000 77.20000000
12.65000000 -8.00000000
38.00000000 23.71000000
38.00000000 23.71000000
38.00000000 23.71000000
38.00000000 23.71000000
38.00000000 23.71000000
-15.75000000 -47.95000000
-15.75000000 -47.95000000
14.91000000 -23.51000000
14.91000000 -23.51000000
14.91000000 -23.51000000
-35.30000000 149.12000000
35.70000000 139.71000000
17.25000000 -88.76000000
-6.17000000 35.74000000
-6.17000000 35.74000000
41.71000000 44.78000000
41.71000000 44.78000000
11.55000000 104.91000000
44.41000000 26.10000000
30.03000000 31.21000000
30.03000000 31.21000000
30.03000000 31.21000000
19.75000000 96.10000000
19.75000000 96.10000000
33.66000000 73.16000000
33.66000000 73.16000000
33.66000000 73.16000000
33.66000000 73.16000000
54.68000000 25.31000000
54.68000000 25.31000000
54.68000000 25.31000000
41.26000000 69.21000000
41.26000000 69.21000000
41.26000000 69.21000000
44.41000000 26.10000000
52.50000000 -0.12000000
52.50000000 -0.12000000
36.70000000 3.21000000
36.70000000 3.21000000
9.03000000 38.74000000
9.03000000 38.74000000
9.03000000 38.74000000
13.75000000 100.48000000
13.75000000 100.48000000
39.91000000 116.38000000
39.91000000 116.38000000
39.91000000 116.38000000
39.91000000 116.38000000
23.76000000 121.00000000
23.76000000 121.00000000
-6.17000000 106.82000000
-6.17000000 106.82000000
17.98000000 -76.80000000
17.98000000 -76.80000000
34.03000000 -6.85000000
34.03000000 -6.85000000
34.03000000 -6.85000000
52.50000000 -0.12000000
39.91000000 32.83000000
39.91000000 32.83000000
39.91000000 32.83000000
39.91000000 32.83000000
39.91000000 32.83000000
39.91000000 32.83000000
14.66000000 -17.41000000
14.66000000 -17.41000000
12.65000000 -8.00000000
12.65000000 -8.00000000
12.65000000 -8.00000000
12.65000000 -8.00000000
12.65000000 -8.00000000
42.86000000 74.60000000
42.86000000 74.60000000
-1.26000000 36.80000000
35.68000000 51.41000000
35.68000000 51.41000000
28.61000000 77.20000000
28.61000000 77.20000000
28.61000000 77.20000000
28.61000000 77.20000000
28.61000000 77.20000000
28.61000000 77.20000000
41.90000000 12.48000000
41.90000000 12.48000000
41.90000000 12.48000000
41.90000000 12.48000000
41.90000000 12.48000000
28.61000000 77.20000000
12.65000000 -8.00000000
12.65000000 -8.00000000
-1.26000000 36.80000000
-1.26000000 36.80000000
38.00000000 23.71000000
38.00000000 23.71000000
38.00000000 23.71000000
38.00000000 23.71000000
-15.75000000 -47.95000000
-15.75000000 -47.95000000
-15.75000000 -47.95000000
14.91000000 -23.51000000
14.91000000 -23.51000000
14.91000000 -23.51000000
-35.30000000 149.12000000
35.70000000 139.71000000
17.25000000 -88.76000000
-6.17000000 35.74000000
-6.17000000 35.74000000
41.71000000 44.78000000
41.71000000 44.78000000
11.55000000 104.91000000
36.70000000 3.21000000
39.91000000 32.83000000
41.33000000 19.80000000
41.33000000 19.80000000
30.03000000 31.21000000
30.03000000 31.21000000
30.03000000 31.21000000
19.75000000 96.10000000
19.75000000 96.10000000
33.66000000 73.16000000
33.66000000 73.16000000
33.66000000 73.16000000
33.66000000 73.16000000
54.68000000 25.31000000
54.68000000 25.31000000
54.68000000 25.31000000
39.91000000 32.83000000
41.26000000 69.21000000
41.26000000 69.21000000
41.26000000 69.21000000
36.70000000 3.21000000
44.41000000 26.10000000
52.50000000 -0.12000000
52.50000000 -0.12000000
52.50000000 -0.12000000
9.03000000 38.74000000
9.03000000 38.74000000
9.03000000 38.74000000
19.75000000 96.10000000
19.75000000 96.10000000
13.75000000 100.48000000
13.75000000 100.48000000
39.91000000 116.38000000
39.91000000 116.38000000
39.91000000 116.38000000
39.91000000 116.38000000
23.76000000 121.00000000
23.76000000 121.00000000
-6.17000000 106.82000000
-6.17000000 106.82000000
17.98000000 -76.80000000
17.98000000 -76.80000000
34.03000000 -6.85000000
34.03000000 -6.85000000
34.03000000 -6.85000000
30.03000000 31.21000000
30.03000000 31.21000000
30.03000000 31.21000000
33.66000000 73.16000000
33.66000000 73.16000000
39.91000000 32.83000000
39.91000000 32.83000000
39.91000000 32.83000000
14.66000000 -17.41000000
14.66000000 -17.41000000
42.86000000 74.60000000
42.86000000 74.60000000
35.68000000 51.41000000
35.68000000 51.41000000
28.61000000 77.20000000
28.61000000 77.20000000
41.90000000 12.48000000
28.61000000 77.20000000
41.90000000 12.48000000
28.61000000 77.20000000
28.61000000 77.20000000
41.33000000 19.80000000
41.33000000 19.80000000
41.90000000 12.48000000
41.90000000 12.48000000
41.90000000 12.48000000
28.61000000 77.20000000
12.65000000 -8.00000000
12.65000000 -8.00000000
12.65000000 -8.00000000
12.65000000 -8.00000000
12.65000000 -8.00000000
12.65000000 -8.00000000
12.65000000 -8.00000000
-1.26000000 36.80000000
-1.26000000 36.80000000
-1.26000000 36.80000000
38.00000000 23.71000000
38.00000000 23.71000000
38.00000000 23.71000000
38.00000000 23.71000000
-15.75000000 -47.95000000
-15.75000000 -47.95000000
-15.75000000 -47.95000000
14.91000000 -23.51000000
14.91000000 -23.51000000
14.91000000 -23.51000000
-35.30000000 149.12000000
35.70000000 139.71000000
17.25000000 -88.76000000
-6.17000000 35.74000000
-6.17000000 35.74000000
41.71000000 44.78000000
41.71000000 44.78000000
11.55000000 104.91000000
36.70000000 3.21000000
36.70000000 3.21000000
28.61000000 77.20000000
33.66000000 73.16000000
33.66000000 73.16000000
54.68000000 25.31000000
54.68000000 25.31000000
54.68000000 25.31000000
39.91000000 32.83000000
39.91000000 32.83000000
36.70000000 3.21000000
12.65000000 -8.00000000
36.70000000 3.21000000
36.70000000 3.21000000
52.50000000 -0.12000000
41.26000000 69.21000000
44.41000000 26.10000000
34.03000000 -6.85000000
34.03000000 -6.85000000
34.03000000 -6.85000000
52.50000000 -0.12000000
52.50000000 -0.12000000
19.75000000 96.10000000
19.75000000 96.10000000
13.75000000 100.48000000
13.75000000 100.48000000
39.91000000 116.38000000
39.91000000 116.38000000
39.91000000 116.38000000
39.91000000 116.38000000
23.76000000 121.00000000
23.76000000 121.00000000
-6.17000000 106.82000000
-6.17000000 106.82000000
17.98000000 -76.80000000
17.98000000 -76.80000000
9.03000000 38.74000000
9.03000000 38.74000000
9.03000000 38.74000000
30.03000000 31.21000000
33.66000000 73.16000000
33.66000000 73.16000000
33.66000000 73.16000000
33.66000000 73.16000000
39.91000000 32.83000000
39.91000000 32.83000000
39.91000000 32.83000000
39.91000000 32.83000000
39.91000000 32.83000000
39.91000000 32.83000000
30.03000000 31.21000000
30.03000000 31.21000000
14.66000000 -17.41000000
14.66000000 -17.41000000
42.86000000 74.60000000
42.86000000 74.60000000
35.68000000 51.41000000
35.68000000 51.41000000
41.90000000 12.48000000
41.90000000 12.48000000
41.90000000 12.48000000
28.61000000 77.20000000
28.61000000 77.20000000
28.61000000 77.20000000
28.61000000 77.20000000
28.61000000 77.20000000
41.90000000 12.48000000
41.90000000 12.48000000
12.65000000 -8.00000000
12.65000000 -8.00000000
12.65000000 -8.00000000
12.65000000 -8.00000000
12.65000000 -8.00000000
41.26000000 69.21000000
41.26000000 69.21000000
-1.26000000 36.80000000
-1.26000000 36.80000000
-1.26000000 36.80000000
38.00000000 23.71000000
38.00000000 23.71000000
38.00000000 23.71000000
38.00000000 23.71000000
-15.75000000 -47.95000000
-15.75000000 -47.95000000
-15.75000000 -47.95000000
14.91000000 -23.51000000
14.91000000 -23.51000000
14.91000000 -23.51000000
-35.30000000 149.12000000
35.70000000 139.71000000
17.25000000 -88.76000000
-6.17000000 35.74000000
41.71000000 44.78000000
41.71000000 44.78000000
-6.17000000 35.74000000
11.55000000 104.91000000
28.61000000 77.20000000
41.33000000 19.80000000
41.33000000 19.80000000
54.68000000 25.31000000
54.68000000 25.31000000
54.68000000 25.31000000
52.50000000 -0.12000000
44.41000000 26.10000000
34.03000000 -6.85000000
34.03000000 -6.85000000
34.03000000 -6.85000000
19.75000000 96.10000000
19.75000000 96.10000000
13.75000000 100.48000000
13.75000000 100.48000000
39.91000000 116.38000000
39.91000000 116.38000000
39.91000000 116.38000000
39.91000000 116.38000000
23.76000000 121.00000000
23.76000000 121.00000000
-6.17000000 106.82000000
-6.17000000 106.82000000
17.98000000 -76.80000000
17.98000000 -76.80000000
9.03000000 38.74000000
9.03000000 38.74000000
9.03000000 38.74000000
33.66000000 73.16000000
33.66000000 73.16000000
33.66000000 73.16000000
33.66000000 73.16000000
39.91000000 32.83000000
39.91000000 32.83000000
39.91000000 32.83000000
39.91000000 32.83000000
39.91000000 32.83000000
39.91000000 32.83000000
30.03000000 31.21000000
30.03000000 31.21000000
30.03000000 31.21000000
36.70000000 3.21000000
36.70000000 3.21000000
36.70000000 3.21000000
14.66000000 -17.41000000
14.66000000 -17.41000000
42.86000000 74.60000000
42.86000000 74.60000000
35.68000000 51.41000000
35.68000000 51.41000000
41.90000000 12.48000000
41.90000000 12.48000000
41.90000000 12.48000000
41.33000000 19.80000000
28.61000000 77.20000000
28.61000000 77.20000000
41.33000000 19.80000000
28.61000000 77.20000000
41.90000000 12.48000000
28.61000000 77.20000000
41.90000000 12.48000000
28.61000000 77.20000000
28.61000000 77.20000000
12.65000000 -8.00000000
12.65000000 -8.00000000
12.65000000 -8.00000000
12.65000000 -8.00000000
12.65000000 -8.00000000
12.65000000 -8.00000000
41.26000000 69.21000000
41.26000000 69.21000000
41.26000000 69.21000000
-1.26000000 36.80000000
-1.26000000 36.80000000
-1.26000000 36.80000000
38.00000000 23.71000000
38.00000000 23.71000000
38.00000000 23.71000000
38.00000000 23.71000000
-15.75000000 -47.95000000
-15.75000000 -47.95000000
-15.75000000 -47.95000000
14.91000000 -23.51000000
14.91000000 -23.51000000
14.91000000 -23.51000000
-35.30000000 149.12000000
35.70000000 139.71000000
17.25000000 -88.76000000
52.50000000 -0.12000000
41.71000000 44.78000000
41.71000000 44.78000000
-6.17000000 35.74000000
-6.17000000 35.74000000
11.55000000 104.91000000
52.50000000 -0.12000000
54.68000000 25.31000000
54.68000000 25.31000000
54.68000000 25.31000000
39.91000000 32.83000000
39.91000000 32.83000000
44.41000000 26.10000000
34.03000000 -6.85000000
19.75000000 96.10000000
19.75000000 96.10000000
13.75000000 100.48000000
13.75000000 100.48000000
39.91000000 116.38000000
39.91000000 116.38000000
39.91000000 116.38000000
39.91000000 116.38000000
23.76000000 121.00000000
23.76000000 121.00000000
-6.17000000 106.82000000
-6.17000000 106.82000000
17.98000000 -76.80000000
17.98000000 -76.80000000
34.03000000 -6.85000000
34.03000000 -6.85000000
9.03000000 38.74000000
9.03000000 38.74000000
9.03000000 38.74000000
33.66000000 73.16000000
33.66000000 73.16000000
33.66000000 73.16000000
33.66000000 73.16000000
39.91000000 32.83000000
39.91000000 32.83000000
39.91000000 32.83000000
39.91000000 32.83000000
30.03000000 31.21000000
30.03000000 31.21000000
30.03000000 31.21000000
36.70000000 3.21000000
36.70000000 3.21000000
36.70000000 3.21000000
14.66000000 -17.41000000
14.66000000 -17.41000000
42.86000000 74.60000000
42.86000000 74.60000000
35.68000000 51.41000000
35.68000000 51.41000000
41.90000000 12.48000000
41.33000000 19.80000000
41.90000000 12.48000000
28.61000000 77.20000000
28.61000000 77.20000000
28.61000000 77.20000000
28.61000000 77.20000000
28.61000000 77.20000000
28.61000000 77.20000000
12.65000000 -8.00000000
12.65000000 -8.00000000
12.65000000 -8.00000000
12.65000000 -8.00000000
12.65000000 -8.00000000
12.65000000 -8.00000000
41.26000000 69.21000000
-1.26000000 36.80000000
-1.26000000 36.80000000
-1.26000000 36.80000000
41.90000000 12.48000000
41.90000000 12.48000000
41.90000000 12.48000000
38.00000000 23.71000000
38.00000000 23.71000000
38.00000000 23.71000000
38.00000000 23.71000000
-15.75000000 -47.95000000
-15.75000000 -47.95000000
-15.75000000 -47.95000000
14.91000000 -23.51000000
41.26000000 69.21000000
14.91000000 -23.51000000
14.91000000 -23.51000000
41.26000000 69.21000000
-35.30000000 149.12000000
35.70000000 139.71000000
17.25000000 -88.76000000
52.50000000 -0.12000000
52.50000000 -0.12000000
52.50000000 -0.12000000
41.71000000 44.78000000
41.71000000 44.78000000
-6.17000000 35.74000000
-6.17000000 35.74000000
11.55000000 104.91000000
41.33000000 19.80000000
54.68000000 25.31000000
54.68000000 25.31000000
54.68000000 25.31000000
54.68000000 25.31000000
44.41000000 26.10000000
34.03000000 -6.85000000
19.75000000 96.10000000
19.75000000 96.10000000
13.75000000 100.48000000
13.75000000 100.48000000
39.91000000 116.38000000
39.91000000 116.38000000
39.91000000 116.38000000
39.91000000 116.38000000
23.76000000 121.00000000
23.76000000 121.00000000
-6.17000000 106.82000000
-6.17000000 106.82000000
17.98000000 -76.80000000
17.98000000 -76.80000000
34.03000000 -6.85000000
9.03000000 38.74000000
9.03000000 38.74000000
9.03000000 38.74000000
34.03000000 -6.85000000
33.66000000 73.16000000
33.66000000 73.16000000
33.66000000 73.16000000
33.66000000 73.16000000
39.91000000 32.83000000
39.91000000 32.83000000
39.91000000 32.83000000
39.91000000 32.83000000
39.91000000 32.83000000
39.91000000 32.83000000
30.03000000 31.21000000
