604.12467680 571.92467680
-1227.52818318 -1265.94818318
345.27258898 324.62258898
792.00989335 821.71989335
-1621.05296332 -1661.93296332
-1489.84638089 -1510.49638089
332.42215112 311.77215112
-281.49813764 -313.56813764
340.30869197 287.68869197
1493.04212506 1520.99212506
41.26000000 69.21000000
1124.98420606 1095.56420606
28.61000000 77.20000000
1041.36008869 1080.86008869
54.68000000 25.31000000
610.04553584 591.73553584
-1417.43151612 -1435.74151612
52.50000000 -0.12000000
1303.37681759 1285.06681759
1660.04701390 1641.73701390
44.41000000 26.10000000
2086.10577524 2067.79577524
397.68907379 379.37907379
385.03298249 366.72298249
832.22805205 813.91805205
44.41000000 26.10000000
36.70000000 3.21000000
36.70000000 3.21000000
206.44612935 236.15612935
2121.24920473 2114.16920473
39.91000000 32.83000000
-764.10406566 -771.18406566
691.68683983 684.60683983
-842.48461143 -849.56461143
19.75000000 96.10000000
19.75000000 96.10000000
19.75000000 96.10000000
1171.88587232 1258.61587232
13.75000000 100.48000000
13.75000000 100.48000000
13.75000000 100.48000000
13.75000000 100.48000000
812.70386707 889.17386707
-1825.06847733 -1748.59847733
39.91000000 116.38000000
-1162.58496665 -1065.34496665
23.76000000 121.00000000
-685.04860658 -587.80860658
23.76000000 121.00000000
1733.44127346 1846.43127346
2052.47060070 2165.46060070
-6.17000000 106.82000000
476.80114135 589.79114135
-2227.99221512 -2322.77221512
17.98000000 -76.80000000
-355.63589109 -450.41589109
-1468.48508303 -1428.98508303
-1109.46652981 -1150.34652981
111.80568858 70.92568858
1312.62930732 1328.35930732
33.66000000 73.16000000
233.53381479 226.45381479
30.03000000 31.21000000
-347.52248323 -381.01248323
-875.84483791 -907.91483791
-187.35221688 -219.42221688
28.61000000 77.20000000
-2172.60708927 -2140.86708927
42.86000000 74.60000000
-2151.85302107 -2120.11302107
-1660.37765334 -1628.63765334
-1.26000000 36.80000000
252.12676377 290.18676377
35.68000000 51.41000000
-455.23053237 -439.50053237
-1403.00869133 -1432.42869133
17.25000000 -88.76000000
200.46760950 171.04760950
-1186.57718904 -1137.98718904
-521.41300510 -472.82300510
1891.62508093 1870.97508093
-820.79367748 -789.05367748
-1.26000000 36.80000000
41.90000000 12.48000000
1104.13959093 1089.84959093
38.00000000 23.71000000
38.00000000 23.71000000
-353.30799327 -367.59799327
139.69170891 125.40170891
312.39089849 280.19089849
921.13766027 888.93766027
999.80338904 967.60338904
14.91000000 -23.51000000
-2193.30492118 -2231.72492118
-1352.93610684 -1324.98610684
41.26000000 69.21000000
1742.65856728 1770.60856728
-35.30000000 149.12000000
-35.30000000 149.12000000
-35.30000000 149.12000000
-1221.37811654 -1036.95811654
-35.30000000 149.12000000
-35.30000000 149.12000000
-1638.55003175 -1534.54003175
-1317.92360647 -1213.91360647
-219.75736675 -115.74736675
785.78266144 889.79266144
35.70000000 139.71000000
-195.41382073 -91.40382073
35.70000000 139.71000000
35.70000000 139.71000000
-600.19944391 -496.18944391
-1694.69829653 -1590.68829653
-1084.91683171 -980.90683171
-1184.29976777 -1290.30976777
-1844.59402511 -1950.60402511
-6.17000000 35.74000000
34.03000000 -6.85000000
1815.37696836 1762.75696836
52.50000000 -0.12000000
41.71000000 44.78000000
41.59283052 44.66283052
1028.80000502 1031.87000502
-384.92829034 -381.85829034
-261.47059504 -258.40059504
41.71000000 44.78000000
-6.17000000 35.74000000
-1346.44904510 -1253.08904510
-1975.28340370 -1881.92340370
-391.41006734 -298.05006734
11.55000000 104.91000000
11.55000000 104.91000000
-1035.23115061 -941.87115061
-1986.55538232 -2018.75538232
14.91000000 -23.51000000
28.61000000 77.20000000
2041.85189722 2012.43189722
-1552.98535814 -1573.63535814
-1949.09715068 -1969.74715068
-1346.58608383 -1367.23608383
-861.69696624 -822.19696624
-1790.37960217 -1750.87960217
-965.04837622 -983.35837622
14.66000000 -17.41000000
39.91000000 116.38000000
-91.46367140 -124.95367140
9.03000000 38.74000000
1054.29438538 1055.47438538
121.79902837 170.38902837
-1673.90555044 -1625.31555044
1705.50762256 1683.97762256
41.33000000 19.80000000
-2140.49026271 -2139.31026271
1743.61398055 1819.96398055
-1775.44920078 -1804.81920078
-454.34632226 -483.71632226
-15.75000000 -47.95000000
-15.75000000 -47.95000000
-15.75000000 -47.95000000
-342.91386863 -341.73386863
1500.96578862 1516.69578862
-1725.09253642 -1757.16253642
41.26000000 69.21000000
41.26000000 69.21000000
-1506.70540164 -1478.75540164
-571.07017412 -591.72017412
54.68000000 25.31000000
-635.59144320 -688.21144320
52.50000000 -0.12000000
1306.47551431 1272.98551431
36.70000000 3.21000000
36.70000000 3.21000000
9.03000000 38.74000000
1559.84963372 1589.55963372
9.03000000 38.74000000
-1884.18666333 -1936.80666333
39.91000000 32.83000000
734.75101942 727.67101942
175.52937842 168.44937842
39.91000000 32.83000000
2118.30907532 2111.22907532
19.75000000 96.10000000
-1923.64686222 -1847.29686222
19.75000000 96.10000000
-1820.66267519 -1733.93267519
13.75000000 100.48000000
-1275.98327170 -1189.25327170
2033.43546230 2120.16546230
1148.27601655 1235.00601655
-1023.96264207 -937.23264207
-1736.88167554 -1660.41167554
39.91000000 116.38000000
39.91000000 116.38000000
1841.23354512 1917.70354512
-1654.75475973 -1557.51475973
-2039.10556449 -1941.86556449
23.76000000 121.00000000
-893.46412994 -796.22412994
2169.77297611 2267.01297611
-6.17000000 106.82000000
-6.17000000 106.82000000
1656.85000455 1769.84000455
-637.10965792 -524.11965792
1297.13931961 1410.12931961
-452.97784790 -547.75784790
17.98000000 -76.80000000
1270.26728662 1175.48728662
-1709.18353257 -1669.68353257
33.66000000 73.16000000
-1193.48644014 -1153.98644014
2205.26416311 2244.76416311
34.03000000 -6.85000000
-23.62528138 -64.50528138
1831.22691935 1790.34691935
14.66000000 -17.41000000
33.66000000 73.16000000
114.45991134 107.37991134
-2097.12862785 -2130.61862785
-1985.01471461 -2017.08471461
617.06863990 665.65863990
28.61000000 77.20000000
28.61000000 77.20000000
-1674.34481202 -1625.75481202
30.49702682 79.08702682
-1654.86435036 -1606.27435036
-350.46495189 -371.11495189
12.65000000 -8.00000000
12.65000000 -8.00000000
42.86000000 74.60000000
-741.55260932 -709.81260932
42.86000000 74.60000000
414.88398395 446.62398395
-1562.65520031 -1530.91520031
-1369.90997237 -1331.84997237
-1.26000000 36.80000000
-1.26000000 36.80000000
-1431.13950206 -1415.40950206
-1866.59728735 -1850.86728735
35.68000000 51.41000000
41.90000000 12.48000000
479.21101803 449.79101803
-146.15447462 -167.68447462
41.33000000 19.80000000
41.90000000 12.48000000
41.90000000 12.48000000
-1430.61807749 -1452.14807749
41.90000000 12.48000000
33.66000000 73.16000000
1915.75965868 1964.34965868
2116.62666803 2165.21666803
12.65000000 -8.00000000
-1316.77271497 -1278.71271497
-1985.86202020 -2015.28202020
1802.53938986 1788.24938986
138.35975741 124.06975741
-1443.26671434 -1457.55671434
38.00000000 23.71000000
38.00000000 23.71000000
-756.77878476 -771.06878476
-15.75000000 -47.95000000
-2257.04967268 -2289.24967268
14.91000000 -23.51000000
2049.96698250 2011.54698250
-1382.61223947 -1421.03223947
1367.38869092 1328.96869092
14.91000000 -23.51000000
41.26000000 69.21000000
41.26000000 69.21000000
152.22370603 194.13370603
-562.71032201 -520.80032201
-218.14652449 -259.02652449
32.98507775 -19.63492225
41.71000000 44.78000000
41.71000000 44.78000000
41.71000000 44.78000000
-2221.37497539 -2218.30497539
-52.74401395 -49.67401395
41.71000000 44.78000000
-1394.58212773 -1391.51212773
1653.13820562 1646.05820562
-193.54471945 -227.03471945
-1244.57052310 -1265.22052310
12.65000000 -8.00000000
14.66000000 -17.41000000
1364.78103690 1365.96103690
987.31761443 988.49761443
1930.07373562 1931.25373562
19.75000000 96.10000000
1214.75080249 1291.10080249
54.68000000 25.31000000
-2189.49030799 -2218.86030799
54.68000000 25.31000000
592.63180701 585.55180701
-15.75000000 -47.95000000
41.26000000 69.21000000
-2136.90204282 -2108.95204282
2198.06109865 2226.01109865
14.66000000 -17.41000000
499.60663593 470.23663593
36.70000000 3.21000000
36.70000000 3.21000000
-1203.83881853 -1237.32881853
-112.29373380 -82.58373380
9.03000000 38.74000000
9.03000000 38.74000000
13.75000000 100.48000000
1292.72203847 1379.45203847
39.91000000 116.38000000
39.91000000 116.38000000
39.91000000 116.38000000
39.91000000 116.38000000
23.76000000 121.00000000
-697.36384192 -600.12384192
-620.93949644 -507.94949644
-1341.59747516 -1228.60747516
-1827.17590281 -1921.95590281
-1336.09586248 -1430.87586248
646.34057252 685.84057252
33.66000000 73.16000000
34.03000000 -6.85000000
-1980.18943123 -2021.06943123
300.52468948 259.64468948
52.50000000 -0.12000000
-366.50421601 -419.12421601
-46.39843528 -99.01843528
39.91000000 32.83000000
82.85701511 122.35701511
39.91000000 32.83000000
-2002.64329282 -2009.72329282
-1172.30813915 -1179.38813915
-84.16468200 -91.24468200
36.70000000 3.21000000
-1805.40439215 -1837.47439215
28.61000000 77.20000000
-7.30600512 41.28399488
541.70948912 590.29948912
-1897.83268847 -1849.24268847
28.61000000 77.20000000
28.61000000 77.20000000
1047.11962152 1026.46962152
275.10811738 254.45811738
1709.02096425 1688.37096425
-2018.79489570 -2039.44489570
12.65000000 -8.00000000
-487.82300993 -508.47300993
-1923.69990339 -1891.95990339
42.86000000 74.60000000
1254.38699679 1292.44699679
734.30115681 772.36115681
-1.26000000 36.80000000
367.82079852 383.55079852
35.68000000 51.41000000
398.37646707 368.95646707
2145.59769212 2116.17769212
1933.04049233 1903.62049233
1784.24089348 1762.71089348
41.90000000 12.48000000
41.90000000 12.48000000
33.66000000 73.16000000
1484.66355680 1533.25355680
-203.27977704 -154.68977704
528.38816512 507.73816512
1435.70070869 1473.76070869
38.00000000 23.71000000
38.00000000 23.71000000
363.11132400 348.82132400
-1893.91510713 -1908.20510713
-1897.05141449 -1911.34141449
431.11053236 416.82053236
-578.79841984 -610.99841984
-15.75000000 -47.95000000
1290.42744117 1258.22744117
-1437.22137090 -1469.42137090
14.91000000 -23.51000000
-1500.77301120 -1539.19301120
14.91000000 -23.51000000
14.91000000 -23.51000000
1895.44168325 1923.39168325
-1680.35949313 -1652.40949313
-35.30000000 149.12000000
-1771.59940079 -1667.58940079
17.25000000 -88.76000000
-6.17000000 35.74000000
1972.19581799 2014.10581799
1952.84713506 1919.35713506
-50.17488898 -91.05488898
-1084.24162725 -1136.86162725
41.71000000 44.78000000
-753.59251443 -750.52251443
11.55000000 104.91000000
-1743.87497358 -1750.95497358
-1700.02663804 -1718.33663804
641.02736418 619.49736418
30.03000000 31.21000000
30.03000000 31.21000000
-517.26285111 -516.08285111
19.75000000 96.10000000
-1264.52709475 -1188.17709475
-2167.52563871 -2128.02563871
1800.61630378 1840.11630378
-28.98394783 -58.35394783
728.09639611 698.72639611
54.68000000 25.31000000
-1655.57631864 -1606.98631864
1215.04336869 1207.96336869
-785.03021565 -757.08021565
-1985.47538607 -1957.52538607
-1077.34049063 -1049.39049063
1009.38148064 956.76148064
52.50000000 -0.12000000
36.70000000 3.21000000
61.15295457 27.66295457
179.99204889 146.50204889
248.47575645 278.18575645
-919.46883663 -832.73883663
167.23761325 253.96761325
2244.79033372 2321.26033372
2039.09860584 2115.56860584
39.91000000 116.38000000
39.91000000 116.38000000
310.70848160 407.94848160
-1742.67160889 -1645.43160889
-6.17000000 106.82000000
-6.17000000 106.82000000
45.14897574 -49.63102426
114.44227338 19.66227338
34.03000000 -6.85000000
1905.33145718 1864.45145718
34.03000000 -6.85000000
290.44098927 237.82098927
9.03000000 38.74000000
628.36055003 658.07055003
33.66000000 73.16000000
39.91000000 32.83000000
1516.95049264 1509.87049264
-1743.91902593 -1750.99902593
254.05660013 246.97660013
39.91000000 32.83000000
1186.48160600 1179.40160600
444.48820225 412.41820225
14.66000000 -17.41000000
-2073.18396243 -2024.59396243
1206.44450254 1255.03450254
28.61000000 77.20000000
12.65000000 -8.00000000
820.26156769 799.61156769
1102.22254994 1081.57254994
1488.40507157 1467.75507157
-549.95054195 -570.60054195
12.65000000 -8.00000000
994.77579772 1026.51579772
1695.24199919 1726.98199919
-1.26000000 36.80000000
-1.26000000 36.80000000
607.28521170 645.34521170
-774.11150657 -758.38150657
696.51472911 712.24472911
2100.95683948 2149.54683948
28.61000000 77.20000000
-701.05275524 -652.46275524
41.90000000 12.48000000
41.90000000 12.48000000
41.33000000 19.80000000
41.33000000 19.80000000
929.11895883 899.69895883
41.90000000 12.48000000
-277.52630191 -306.94630191
33.66000000 73.16000000
1444.52305502 1412.32305502
-2198.53133196 -2149.94133196
760.03029771 739.38029771
-275.47878378 -289.76878378
38.00000000 23.71000000
-2117.36430517 -2131.65430517
38.00000000 23.71000000
1999.81625815 1985.52625815
-1585.30596954 -1617.50596954
1588.11829693 1555.91829693
11.06556539 -27.35443461
-756.86385096 -795.28385096
14.91000000 -23.51000000
-35.30000000 149.12000000
35.70000000 139.71000000
17.25000000 -88.76000000
-1874.56427873 -1832.65427873
418.56097900 460.47097900
41.71000000 44.78000000
1140.33410267 1143.40410267
-758.78203896 -665.42203896
-679.64441968 -697.95441968
2140.58916235 2141.76916235
30.03000000 31.21000000
1902.97392661 1904.15392661
1275.46448085 1351.81448085
-810.91216756 -734.56216756
33.66000000 73.16000000
33.66000000 73.16000000
33.66000000 73.16000000
-954.39483673 -914.89483673
54.68000000 25.31000000
54.68000000 25.31000000
1678.62482685 1649.25482685
41.26000000 69.21000000
41.26000000 69.21000000
1983.29487326 2011.24487326
-1521.42772539 -1539.73772539
-1455.70372478 -1508.32372478
52.50000000 -0.12000000
189.41101325 155.92101325
-392.81305230 -426.30305230
9.03000000 38.74000000
-1483.72694481 -1454.01694481
9.03000000 38.74000000
-2024.85324848 -1938.12324848
-2094.67563859 -2007.94563859
39.91000000 116.38000000
39.91000000 116.38000000
524.03100836 600.50100836
-1822.00805545 -1745.53805545
23.76000000 121.00000000
23.76000000 121.00000000
-2024.90891985 -1911.91891985
-6.17000000 106.82000000
17.98000000 -76.80000000
17.98000000 -76.80000000
-561.33163390 -602.21163390
209.77585576 168.89585576
935.00864085 894.12864085
-1579.34299004 -1631.96299004
39.91000000 32.83000000
1678.79374892 1671.71374892
39.91000000 32.83000000
-1812.18278140 -1819.26278140
39.91000000 32.83000000
-325.86731463 -332.94731463
-1728.24955072 -1760.31955072
-1962.31073219 -1994.38073219
12.65000000 -8.00000000
12.65000000 -8.00000000
-417.22875067 -437.87875067
12.65000000 -8.00000000
12.65000000 -8.00000000
1381.51642540 1413.25642540
42.86000000 74.60000000
2201.96710878 2240.02710878
35.68000000 51.41000000
-2137.29047649 -2121.56047649
28.61000000 77.20000000
-1118.18406901 -1069.59406901
28.61000000 77.20000000
-1979.42271655 -1930.83271655
28.61000000 77.20000000
-1088.25691071 -1039.66691071
-1674.20880451 -1703.62880451
-1377.23508829 -1406.65508829
41.90000000 12.48000000
-1497.52908634 -1526.94908634
41.90000000 12.48000000
28.61000000 77.20000000
12.65000000 -8.00000000
1945.47287764 1924.82287764
-1531.79234669 -1493.73234669
-1479.87499088 -1441.81499088
1649.86406060 1635.57406060
38.00000000 23.71000000
1089.10905086 1074.81905086
737.27333942 722.98333942
1198.37054274 1166.17054274
-15.75000000 -47.95000000
1236.15828229 1203.95828229
14.91000000 -23.51000000
463.03157345 424.61157345
14.91000000 -23.51000000
-35.30000000 149.12000000
1366.93085404 1470.94085404
-1216.41717271 -1322.42717271
1897.24574590 1939.15574590
-733.11189843 -691.20189843
-653.31842061 -650.24842061
-753.21361484 -750.14361484
-2008.03697550 -1914.67697550
1736.40160622 1702.91160622
39.91000000 32.83000000
-1113.55325002 -1135.08325002
-1565.11909946 -1586.64909946
30.03000000 31.21000000
1896.72918118 1897.90918118
378.19099682 379.37099682
19.75000000 96.10000000
19.75000000 96.10000000
33.66000000 73.16000000
1187.72303343 1227.22303343
642.96558832 682.46558832
33.66000000 73.16000000
-441.53945480 -470.90945480
647.81266776 618.44266776
-586.83117207 -616.20117207
-1450.25206136 -1457.33206136
-2064.63436492 -2036.68436492
786.81336473 814.76336473
-1005.29879528 -977.34879528
-426.28071246 -459.77071246
-323.56394884 -341.87394884
1158.24843896 1105.62843896
69.04747186 16.42747186
52.50000000 -0.12000000
9.03000000 38.74000000
-1696.88686345 -1667.17686345
9.03000000 38.74000000
19.75000000 96.10000000
-376.68492077 -300.33492077
13.75000000 100.48000000
-1397.63592528 -1310.90592528
956.79816126 1033.26816126
39.91000000 116.38000000
39.91000000 116.38000000
39.91000000 116.38000000
-543.45985070 -446.21985070
-1011.28476060 -914.04476060
37.68578440 150.67578440
-6.17000000 106.82000000
17.98000000 -76.80000000
-1385.19235704 -1479.97235704
2096.80367608 2055.92367608
-1185.96445620 -1226.84445620
34.03000000 -6.85000000
2005.04459690 2006.22459690
1946.81765054 1947.99765054
-134.11750116 -132.93750116
33.66000000 73.16000000
425.89661553 465.39661553
-2063.08349978 -2070.16349978
2059.30838598 2052.22838598
39.91000000 32.83000000
14.66000000 -17.41000000
1026.97131321 994.90131321
42.86000000 74.60000000
42.86000000 74.60000000
1581.50226753 1597.23226753
35.68000000 51.41000000
2232.35649567 2280.94649567
28.61000000 77.20000000
2052.39947913 2022.97947913
36.83582213 85.42582213
529.46488104 500.04488104
1501.51727115 1550.10727115
28.61000000 77.20000000
41.33000000 19.80000000
-776.32265832 -797.85265832
41.90000000 12.48000000
41.90000000 12.48000000
-564.61936859 -594.03936859
-2015.99778448 -1967.40778448
1082.36382821 1061.71382821
-318.45639829 -339.10639829
86.05572873 65.40572873
12.65000000 -8.00000000
-642.51972643 -663.16972643
-2174.58434408 -2195.23434408
12.65000000 -8.00000000
-1.26000000 36.80000000
-1899.11745324 -1861.05745324
1883.16376466 1921.22376466
-1294.12198473 -1308.41198473
-1180.76781979 -1195.05781979
38.00000000 23.71000000
1625.73571322 1611.44571322
-192.23790849 -224.43790849
320.90663216 288.70663216
-15.75000000 -47.95000000
14.91000000 -23.51000000
14.91000000 -23.51000000
14.91000000 -23.51000000
-738.18185138 -553.76185138
-726.03969809 -622.02969809
-2013.00267190 -2119.01267190
2083.26385539 2125.17385539
-1657.71827869 -1615.80827869
41.71000000 44.78000000
41.71000000 44.78000000
-657.04176327 -563.68176327
833.83073358 800.34073358
1679.76749812 1646.27749812
28.61000000 77.20000000
33.66000000 73.16000000
33.66000000 73.16000000
54.68000000 25.31000000
1111.61849195 1082.24849195
54.68000000 25.31000000
-177.16009637 -184.24009637
-1318.73475900 -1325.81475900
1066.05964045 1032.56964045
12.65000000 -8.00000000
1525.93526541 1492.44526541
36.70000000 3.21000000
870.78417347 818.16417347
1271.57106598 1299.52106598
-1645.72097530 -1664.03097530
34.03000000 -6.85000000
-2079.35636073 -2120.23636073
34.03000000 -6.85000000
52.50000000 -0.12000000
450.66686666 398.04686666
-722.17137426 -645.82137426
19.75000000 96.10000000
746.53882429 833.26882429
-296.15007722 -209.42007722
-517.19724142 -440.72724142
-1819.58819830 -1743.11819830
39.91000000 116.38000000
536.98308570 613.45308570
23.76000000 121.00000000
23.76000000 121.00000000
-6.17000000 106.82000000
951.38391928 1064.37391928
-1984.45441763 -2079.23441763
17.98000000 -76.80000000
-760.96896120 -731.25896120
-2147.34018113 -2117.63018113
9.03000000 38.74000000
1072.89096440 1074.07096440
-1967.23585126 -1927.73585126
33.66000000 73.16000000
33.66000000 73.16000000
713.92140685 753.42140685
39.91000000 32.83000000
1012.80242049 1005.72242049
39.91000000 32.83000000
-1910.39701881 -1917.47701881
-1430.46397909 -1437.54397909
39.91000000 32.83000000
-188.92059207 -187.74059207
310.39078556 311.57078556
14.66000000 -17.41000000
14.66000000 -17.41000000
42.86000000 74.60000000
42.86000000 74.60000000
1947.69378993 1963.42378993
35.68000000 51.41000000
1477.29925611 1447.87925611
41.90000000 12.48000000
-837.69839615 -867.11839615
-1906.99676160 -1858.40676160
28.61000000 77.20000000
1834.23503216 1882.82503216
1377.19743865 1425.78743865
-1488.44769205 -1439.85769205
-665.76025245 -695.18025245
41.90000000 12.48000000
-231.50339462 -252.15339462
-2000.35846686 -2021.00846686
-2070.28228919 -2090.93228919
-1723.44564554 -1744.09564554
-158.53700344 -179.18700344
803.08349928 831.03349928
41.26000000 69.21000000
1715.06510729 1753.12510729
-1.26000000 36.80000000
-1673.85313083 -1635.79313083
778.14466365 763.85466365
-11.19990376 -25.48990376
-466.98297441 -481.27297441
-2125.38175692 -2139.67175692
-15.75000000 -47.95000000
-657.20400660 -689.40400660
1013.84306984 981.64306984
14.91000000 -23.51000000
-2012.76157643 -2051.18157643
14.91000000 -23.51000000
-35.30000000 149.12000000
786.98453631 890.99453631
575.63566544 469.62566544
-6.17000000 35.74000000
-1840.19798356 -1837.12798356
-1417.41400504 -1414.34400504
-6.17000000 35.74000000
11.55000000 104.91000000
28.61000000 77.20000000
41.33000000 19.80000000
-576.24923930 -597.77923930
54.68000000 25.31000000
54.68000000 25.31000000
-1264.45101175 -1293.82101175
52.50000000 -0.12000000
-741.53207303 -759.84207303
-1113.91293627 -1154.79293627
1182.05323058 1141.17323058
-1290.71036079 -1331.59036079
659.06305526 735.41305526
19.75000000 96.10000000
13.75000000 100.48000000
301.06578546 387.79578546
39.91000000 116.38000000
86.21695698 162.68695698
-360.04846439 -283.57846439
1194.66338984 1271.13338984
23.76000000 121.00000000
-1911.30858210 -1814.06858210
-6.17000000 106.82000000
-6.17000000 106.82000000
1160.19707692 1065.41707692
17.98000000 -76.80000000
804.99358014 834.70358014
9.03000000 38.74000000
9.03000000 38.74000000
2245.21949854 2284.71949854
33.66000000 73.16000000
33.66000000 73.16000000
33.66000000 73.16000000
39.91000000 32.83000000
39.91000000 32.83000000
2149.40544612 2142.32544612
39.91000000 32.83000000
239.05743625 231.97743625
-373.50772076 -380.58772076
30.03000000 31.21000000
-1338.60511794 -1337.42511794
1992.59479337 1993.77479337
-675.04890867 -708.53890867
36.70000000 3.21000000
36.70000000 3.21000000
-194.92981394 -226.99981394
14.66000000 -17.41000000
-1555.87094617 -1524.13094617
-754.53039612 -722.79039612
35.68000000 51.41000000
35.68000000 51.41000000
-779.79906627 -809.21906627
206.06726522 176.64726522
-1538.69050461 -1568.11050461
152.59915423 131.06915423
1453.89724785 1502.48724785
-50.69785104 -2.10785104
-1713.39110672 -1734.92110672
-198.77397043 -150.18397043
41.90000000 12.48000000
532.91820366 581.50820366
1969.96998408 1940.54998408
28.61000000 77.20000000
28.61000000 77.20000000
12.65000000 -8.00000000
971.70210255 951.05210255
1915.48255913 1894.83255913
12.65000000 -8.00000000
-1840.01252879 -1860.66252879
12.65000000 -8.00000000
41.26000000 69.21000000
41.26000000 69.21000000
-1874.17130437 -1846.22130437
-1579.67806784 -1541.61806784
96.85300986 134.91300986
-1.26000000 36.80000000
38.00000000 23.71000000
1602.57122422 1588.28122422
38.00000000 23.71000000
-384.33936061 -398.62936061
-1239.75587201 -1271.95587201
-15.75000000 -47.95000000
1567.28901913 1535.08901913
14.91000000 -23.51000000
1657.76060237 1619.34060237
-150.20764561 -188.62764561
-1815.98419569 -1631.56419569
2185.49487979 2289.50487979
17.25000000 -88.76000000
52.50000000 -0.12000000
2224.66108039 2227.73108039
41.71000000 44.78000000
-6.17000000 35.74000000
-6.17000000 35.74000000
-828.58337805 -735.22337805
301.57039600 248.95039600
-1990.13368239 -2019.50368239
1340.59371111 1311.22371111
-583.48801073 -612.85801073
571.06626882 563.98626882
-1239.35541184 -1246.43541184
-1520.61522364 -1538.92522364
-385.49647287 -426.37647287
1535.10351027 1611.45351027
19.75000000 96.10000000
-1815.09354811 -1728.36354811
535.31992914 622.04992914
39.91000000 116.38000000
39.91000000 116.38000000
-822.62266755 -746.15266755
39.91000000 116.38000000
1468.70165238 1565.94165238
-306.74192357 -209.50192357
-6.17000000 106.82000000
1820.98592237 1933.97592237
1875.05756408 1780.27756408
-142.38957712 -237.16957712
-1815.17955488 -1856.05955488
-840.70773257 -881.58773257
494.30630689 524.01630689
217.28630989 246.99630989
9.03000000 38.74000000
-2045.34914584 -2005.84914584
33.66000000 73.16000000
33.66000000 73.16000000
33.66000000 73.16000000
-2096.12267759 -2103.20267759
2247.18815723 2240.10815723
39.91000000 32.83000000
1636.30250186 1629.22250186
30.03000000 31.21000000
30.03000000 31.21000000
1006.99742492 1008.17742492
36.70000000 3.21000000
-1293.25371344 -1326.74371344
36.70000000 3.21000000
583.22697346 551.15697346
-1828.83695238 -1860.90695238
-1711.78494547 -1680.04494547
42.86000000 74.60000000
35.68000000 51.41000000
-1746.51483564 -1730.78483564
-553.26887479 -582.68887479
41.33000000 19.80000000
41.90000000 12.48000000
28.61000000 77.20000000
-39.06050719 9.52949281
-1400.89109748 -1352.30109748
28.61000000 77.20000000
28.61000000 77.20000000
28.61000000 77.20000000
489.39649074 468.74649074
1814.43599879 1793.78599879
12.65000000 -8.00000000
12.65000000 -8.00000000
12.65000000 -8.00000000
12.65000000 -8.00000000
41.26000000 69.21000000
-1588.61314245 -1550.55314245
-702.28403987 -664.22403987
-784.15291938 -746.09291938
1461.85724268 1432.43724268
-2025.71828486 -2055.13828486
41.90000000 12.48000000
1725.61503755 1711.32503755
-1414.47758889 -1428.76758889
38.00000000 23.71000000
38.00000000 23.71000000
-463.18032965 -495.38032965
133.92589729 101.72589729
-15.75000000 -47.95000000
14.91000000 -23.51000000
490.10610419 518.05610419
760.02771281 721.60771281
1555.36303978 1516.94303978
-1919.42084947 -1891.47084947
-594.81644728 -410.39644728
-652.52793909 -548.51793909
17.25000000 -88.76000000
439.50133546 386.88133546
52.50000000 -0.12000000
-43.23733660 -95.85733660
41.71000000 44.78000000
1983.87391022 1986.94391022
-6.17000000 35.74000000
-6.17000000 35.74000000
906.22836756 999.58836756
1027.00547486 1005.47547486
-210.56693090 -239.93693090
-1336.62041260 -1365.99041260
-1613.60053091 -1642.97053091
54.68000000 25.31000000
-1415.52312527 -1433.83312527
-1129.52700419 -1170.40700419
946.59004344 1022.94004344
19.75000000 96.10000000
13.75000000 100.48000000
13.75000000 100.48000000
621.77641178 698.24641178
1510.02207974 1586.49207974
878.47948662 954.94948662
2204.94309626 2281.41309626
-905.41423866 -808.17423866
2249.65503556 2346.89503556
-6.17000000 106.82000000
-6.17000000 106.82000000
1271.78274246 1177.00274246
17.98000000 -76.80000000
34.03000000 -6.85000000
-1098.30339698 -1068.59339698
9.03000000 38.74000000
-406.48235681 -376.77235681
34.03000000 -6.85000000
1078.32960966 1117.82960966
-1501.18953362 -1461.68953362
33.66000000 73.16000000
33.66000000 73.16000000
39.91000000 32.83000000
-1099.27464590 -1106.35464590
370.17882168 363.09882168
-1420.53351760 -1427.61351760
-588.82104407 -595.90104407
1627.49633480 1620.41633480
1749.11021680 1750.29021680
