35.59451737
35.38343536
39.86696977
17.74295303
2.95988270
28.40783481
41.66586517
9.48928222
29.26253448
5.80258649
17.54391702
2.75964354
26.94759172
21.22781235
34.65763376
4.26587506
14.88010090
40.03188672
7.63574814
35.32347814
1.96790835
19.44530476
26.69381556
19.06915473
41.49179248
20.93469246
3.31243157
2.12551767
17.33932960
39.00529518
18.53877471
10.52300629
19.44718421
24.47964996
15.37691513
2.59293292
32.53158491
37.80941583
5.68925655
6.46898135
34.33768217
8.40629087
9.21746983
20.97665174
40.00212291
43.68354794
41.76385414
7.87546946
17.59703294
14.32888007
20.52625513
3.29553965
17.48660999
13.30282080
39.89869219
23.73657555
33.32913244
2.16485131
21.75492377
12.16037890
20.31678639
1.78779378
12.44600387
2.62990000
12.18756829
4.22632983
25.58722981
32.93287953
15.38257196
22.69855204
11.59326809
24.34606773
28.68522630
10.46529706
27.86737404
41.91649992
24.98527391
38.55753966
35.87134973
31.63643981
10.34921825
26.23406916
6.10023187
10.91723709
15.15442152
15.27032278
21.07791923
30.82232964
8.20008160
34.33475167
9.73735208
34.30068608
14.01901836
28.74252601
30.60575187
16.90227024
16.98116902
1.18137007
37.94945699
40.83277724
23.07829340
12.66130577
9.56334853
39.36330075
27.22949165
24.19165649
23.19040847
15.16212247
28.09297547
10.21354559
34.27393611
12.89838080
23.01457549
15.36580054
27.80913321
37.02615239
7.00250622
18.18874991
33.20824237
40.29522485
42.22661044
4.11033760
9.91132156
9.49393616
37.09521478
26.31953396
33.86299458
23.84120354
23.54701150
5.90851152
40.41448305
27.45348469
42.59066797
35.30383789
1.14677195
41.73323903
37.87061199
19.71567271
38.40061169
4.52210307
30.60529460
0.95855189
3.87828888
39.33202841
19.88435201
19.49436446
21.08253550
4.64018906
13.69675115
37.08065992
6.47341041
24.97049268
11.76500626
38.74242716
15.51662733
7.95159076
7.93833161
40.46642716
37.23502369
15.41666818
23.40532839
10.43907939
15.99091430
40.52981034
18.83523061
13.72968136
1.68903266
37.44843058
31.94713217
3.13950835
24.01368651
28.70063171
22.91028522
4.60923563
25.07894739
2.83705726
26.35302530
27.33557040
31.07858231
23.87295094
39.70724683
25.06318237
26.90455020
3.45652218
11.50394832
11.46033626
0.25694147
17.95747167
25.16476813
41.74778427
26.49167592
25.45695949
31.57381427
38.91506474
2.65237999
21.83467454
12.57303851
1.17291481
10.62476255
20.74665852
29.53158797
4.84897933
41.71438396
37.09716826
3.15109992
18.19523786
27.65721262
4.99081586
24.44478290
35.69708867
6.52621468
3.97641594
39.59802653
20.93981428
34.38014447
21.39354000
41.13736845
1.33861840
5.82828366
41.42920843
32.45494040
12.39438861
22.77948021
18.10478319
20.93768930
36.00362602
20.43043317
11.46742516
38.69295380
18.08932129
6.32148625
3.34588605
19.19754952
7.16350437
5.40942506
42.82973588
9.82794181
8.43977960
11.78623658
11.92559753
2.96569249
27.48349401
5.61506401
11.09904418
6.47413139
28.38316705
12.12160572
39.73290945
28.22592028
20.59515300
26.33956514
18.08875316
3.47763390
31.26700674
0.63571852
8.26951121
31.18098466
13.09785661
29.94517160
7.69928041
10.24349772
1.47546667
14.88342331
12.51928226
43.39561286
1.74131913
20.69914223
26.95639836
41.16253415
5.92854388
16.91268803
20.38080364
31.37804452
30.80990802
28.63102876
40.79166912
23.68537623
37.32007754
40.19688177
4.94788330
3.31768681
0.98607903
27.23235555
3.13901065
17.04366391
40.93656625
10.70367699
23.70522699
17.26816579
14.13324411
2.47836230
18.61903601
41.64012248
35.62729354
24.17208331
0.79794221
23.21845200
23.89704526
0.15125062
38.09855899
4.75361317
20.55752776
16.90887684
24.79988824
2.39946021
39.27348688
25.26811026
25.20930766
8.72368619
34.54077073
30.95848488
18.82744071
24.66951380
6.95535082
0.40037553
7.67280881
1.12611505
9.41391686
30.74973034
41.80785718
17.37066885
16.24660687
37.52129506
6.48565847
24.09385750
20.01544808
2.77591524
33.43728836
22.29829908
36.11137972
32.75117080
42.89495830
36.87477921
26.22732131
10.38112421
15.19097102
35.35461349
9.88848562
25.73644926
8.02896016
2.21179665
38.04606156
1.80777070
40.59735213
41.71272601
3.85595154
38.35877984
4.44634442
37.09589278
6.85558640
31.17053469
38.97118073
22.57183653
12.14076053
32.46546041
16.19981731
38.59727359
33.80328353
38.45094056
3.58001876
40.42611502
7.37777349
29.63077033
30.82167182
37.71602896
31.91091882
9.29674381
3.68794527
12.37942549
8.37614318
22.27091130
3.71690258
18.52891141
20.92335982
2.68033343
35.52794145
17.43221139
13.74402417
23.01468061
3.44949105
43.37257703
0.02927321
33.37466923
14.75829845
41.75022822
38.47425670
5.37580916
13.09029747
38.27475133
12.31067030
24.91452564
19.92628591
3.13333719
16.90151793
30.97178677
20.86202772
22.66628743
7.69977170
25.36037589
30.01938520
18.34675688
31.22365639
30.27768871
6.83306079
42.34869692
21.85707793
41.13704708
28.63144579
7.23702730
42.80338729
14.50730617
9.55091200
8.81170785
13.16419285
34.67841667
0.00675568
20.14102694
1.28935251
13.95594066
22.93188088
35.28456244
9.08540394
14.42083605
21.25803395
14.78797509
17.15700182
11.50122654
3.81489906
4.73468497
33.16523583
1.62647877
28.42467759
38.74319007
18.04098276
10.22496800
26.15146012
36.63357027
21.34842267
16.71752672
14.86511622
26.47840114
1.73337435
30.60095616
30.11005971
25.77913188
19.84339002
8.91260978
27.42644208
5.90817243
11.12929968
33.65620344
17.15618744
34.57308544
26.79563399
2.87499296
13.71164602
4.55662699
29.28963979
3.68861680
16.85396828
34.65462999
43.39014242
13.74232982
2.17980142
4.66554892
33.36670407
35.27044279
35.07452947
36.72358249
3.81016552
8.59171630
4.57953283
23.07068786
33.58606649
6.83665687
20.70284909
11.28097141
42.21865574
17.11984015
10.71636791
41.38174297
5.38711469
30.12045271
37.10590659
28.48903347
42.46021414
16.59046127
4.57860425
23.85352089
31.67289161
17.04290051
13.36962388
11.24546596
21.17469273
24.97116176
25.78281692
29.54358558
0.86003258
22.64640202
2.83898464
34.09038003
21.08864290
37.44919652
11.70682780
8.90889097
29.89532579
29.00732588
12.40015268
12.40657154
11.91629749
31.92190044
12.96909912
40.45971725
18.75860940
31.42813832
29.40040947
29.91922016
37.64054265
5.53511830
20.94026901
16.96788805
26.31379896
17.42852334
7.27849412
4.78716745
22.65345757
10.10185612
1.38112719
15.73113868
36.67882562
16.30280108
39.10002865
23.25820173
15.95116171
33.70716893
27.77218508
2.44230797
34.29431469
32.93266313
25.35435696
43.14527762
12.50370944
23.02907300
35.16381447
27.00739670
18.10979249
12.95227061
16.98452097
17.34286796
21.23728672
19.87747856
13.82976986
28.47411137
10.37229945
5.48680855
15.14647733
28.71980911
7.59490970
1.14590815
23.25767745
15.49357414
37.68488405
12.18056363
39.81444554
1.96048486
39.05201877
6.11151050
43.70157136
32.60092435
39.24666554
2.40849417
16.51489770
25.08127683
2.23901030
9.11457320
37.30631866
7.19821155
35.41831652
28.01532874
31.22331715
31.69701417
40.73817908
10.28049577
37.05657194
6.39363816
43.65290523
22.93633359
31.99516551
38.32444862
5.98538001
29.78958776
37.59052255
24.00386187
19.39341747
11.62412268
33.98786586
2.54565146
4.81863364
9.87506567
37.37171997
